NMET
  1231
   3.3257700   1.5479090  -0.0000016   4.0461540   0.8399910  -0.0000029
   2.8230940   1.4995080  -0.8746870   2.8230970   1.4995070   0.8746850
   3.9700480   2.8457950  -0.0000001   3.6716630   3.4001290  -0.8898200
   3.5769650   3.6538380   1.2321430   2.4969950   3.8010750   1.2413790
   3.8774840   3.1157950   2.1311970   4.2741860   5.0096020   1.1945770
   5.3542710   4.8631780   1.1857880   3.9737810   5.5484600   0.2959720
   3.8173090   5.9812660   2.6517080   4.7532120   7.4631280   2.3409490
   4.4335820   7.9040440   1.3967410   4.5859070   8.1752990   3.1489850
   5.8140740   7.2187630   2.2865540   5.4855410   2.7052070  -0.0000044
   6.0088240   1.5931750  -0.0000084   6.1910071   3.8385836  -0.0000051
   5.7152868   4.7295323  -0.0000028   7.6400076   3.8385837  -0.0000074
   8.0038585   3.3248391   0.8898118   8.1890012   3.1272109  -1.2321515
   7.8406894   2.0944027  -1.2413883   7.8406911   3.6356234  -2.1312048
   9.7133840   3.1488980  -1.1945863  10.0624752   4.1814477  -1.1857965
  10.0624748   2.6402252  -0.2959820  10.3014679   2.4470060  -2.4103123
   9.5657835   1.9547697  -3.2629034  11.6334231   2.4019520  -2.4883441
  12.0750686   1.9477956  -3.2749778  12.1933787   2.8222304  -1.7603900
   8.1879242   5.2585384  -0.0000020   7.4245351   6.2216985   0.0000034
   9.5167782   5.3864922  -0.0000020  10.1032885   4.5642362  -0.0000053
  10.1610562   6.6843782   0.0000012   9.8626701   7.2387139  -0.8898172
   9.7431456   7.4593139   1.2451713   8.6611376   7.5910669   1.2456448
  10.1610561   6.6843065   2.4902974  11.2430641   6.5525525   2.4907628
   9.8625731   7.2377848   3.3806178   9.6766611   5.7078535   2.4907371
  10.4212136   8.8252749   1.2451741  11.5033196   8.6943269   1.2451676
  10.1228286   9.3796095   0.3553545  10.0033051   9.6002105   2.4903461
  10.3017891   9.0466808   3.3806337  10.4877001  10.5766635   2.4908413
   8.9212971   9.7319615   2.4908216  11.6765492   6.5437902  -0.0000051
  12.1998322   5.4317582  -0.0000119  12.3820153   7.6771668  -0.0000045
  11.9062950   8.5681155   0.0000000  13.8310157   7.6771669  -0.0000084
  14.1948677   7.1634206   0.8898093  14.3800079   6.9657965  -1.2321546
  14.0316961   5.9329883  -1.2413929  14.0316968   7.4742106  -2.1312065
  15.8865115   6.9144432  -1.3211013  16.5024235   6.2858313  -2.4099072
  15.8944814   5.8334806  -3.1934154  17.8991817   6.2382177  -2.4923737
  18.3787143   5.7488000  -3.3400879  18.6800291   6.8192166  -1.4860354
  19.7675048   6.7821468  -1.5502414  18.0641198   7.4478294  -0.3972275
  18.6720650   7.9001796   0.3862787  16.6673616   7.4954451  -0.3147580
  16.1878325   7.9848656   0.5329562  14.3789324   9.0971216  -0.0000011
  13.6155433  10.0602817   0.0000071  15.7077863   9.2250754  -0.0000023
  16.2942967   8.4028194  -0.0000079  16.3520643  10.5229614   0.0000026
  16.0536772  11.0772988  -0.8898145  15.9589842  11.3309998   1.2321497
  14.8790142  11.4782367   1.2413888  16.3797342  10.5776400   2.4895449
  17.4597152  10.4304220   2.4812438  16.0989962  11.1547817   3.3705637
  15.8816522   9.6084799   2.5168344  16.6562051  12.6867639   1.1945872
  16.3557980  13.2256253   0.2959850  16.3755802  13.2647436   2.0750921
  17.7362901  12.5403399   1.1857951  17.8675573  10.3823734  -0.0000058
  18.3908403   9.2703414  -0.0000153  18.5730235  11.5157500  -0.0000038
  18.0973032  12.4066987   0.0000029  20.0220239  11.5157501  -0.0000095
  20.3858769  11.0020022   0.8898069  20.5710147  10.8043820  -1.2321576
  20.2227028   9.7715738  -1.2413975  20.2227025  11.3127979  -2.1312082
  22.0953975  10.8260689  -1.1945959  22.4444887  11.8586186  -1.1858030
  22.4444904  10.3173928  -0.2959944  22.6443892  10.1147026  -2.4267449
  22.2960764   9.0818949  -2.4359868  22.2960779  10.6231203  -3.3257945
  24.1687725  10.1363882  -2.3891812  24.5178646  11.1689374  -2.3803873
  24.5178632   9.6277098  -1.4905817  24.6979637   9.4506795  -3.5768930
  24.3749561   9.9221331  -4.4096579  25.7075552   9.4650403  -3.5520149
  24.3749528   8.4937588  -3.5850076  20.5699405  12.9357048  -0.0000001
  19.8065514  13.8988649   0.0000108  21.8987945  13.0636587  -0.0000026
  22.4853049  12.2414027  -0.0000105  22.5430725  14.3615447   0.0000039
  22.2446844  14.9158837  -0.8898117  22.1499938  15.1695807   1.2321531
  22.6480877  16.1387598   1.2057998  20.6389649  15.3751676   1.2443995
  20.1401560  14.4063694   1.2712218  20.3574630  15.9526906   2.1249238
  20.3377247  15.9135947   0.3458167  22.5445340  14.4631490   2.4112167
  22.2970877  14.9718135   3.1868654  24.0585655  14.2209567  -0.0000065
  24.5818485  13.1089247  -0.0000187  24.7640316  15.3543333  -0.0000032
  24.2883113  16.2452819   0.0000058  26.2130320  15.3543334  -0.0000106
  26.5768862  14.8405837   0.8898044  26.7620214  14.6429676  -1.2321607
  26.4137095  13.6101594  -1.2414021  26.4137081  15.1513852  -2.1312099
  28.2864043  14.6646544  -1.1946007  28.6354955  15.6972041  -1.1858063
  28.7740587  13.9528280   0.0628265  28.4257254  12.9200193   0.0545211
  29.8636098  13.9680451   0.0901682  28.3818885  14.4609151   0.9438205
  28.8353945  13.9532904  -2.4267517  28.4870821  14.4617098  -3.3257999
  29.9249702  13.9685053  -2.4003981  28.4870817  12.9204827  -2.4359952
  26.7609487  16.7742881   0.0000009  25.9975596  17.7374481   0.0000145
  28.0898027  16.9022419  -0.0000030  28.6763130  16.0799859  -0.0000131
  28.7340807  18.2001279   0.0000053  28.4356915  18.7544686  -0.8898090
  28.3410034  19.0081615   1.2321564  28.8390973  19.9773407   1.2058044
  26.8299745  19.2137485   1.2444051  26.3311656  18.2449502   1.2712261
  26.5484736  19.7912698   2.1249308  26.5287333  19.7521773   0.3458236
  28.7355450  18.3017276   2.4112182  28.4880996  18.8103907   3.1868682
  30.2495737  18.0595399  -0.0000071  30.7728567  16.9475079  -0.0000221
  30.9550398  19.1929165  -0.0000026  30.4793195  20.0838652   0.0000087
  32.4040402  19.1929166  -0.0000116  32.7678954  18.6791653   0.8898019
  32.7678847  18.6791867  -0.8898421  32.9345676  20.6194592   0.0000021
  32.1594688  21.5732218   0.0000183  34.2617591  20.7636388  -0.0000029
  34.8582716  19.9486098  -0.0000153  34.8901321  22.0692994   0.0000072
  34.5849916  22.6199549  -0.8898056  34.4872134  22.8724679   1.2321603
  33.4055252  23.0064993   1.2414040  34.7942888  22.3381281   2.1312075
  35.1678181  24.2366493   1.1946033  36.2496114  24.1034323   1.1858067
  34.8608468  24.7718054   0.2960052  34.7649014  25.0398179   2.4267573
  33.6832132  25.1738483   2.4360029  35.0719788  24.5054781   3.3258034
  35.4455051  26.4040003   2.3891982  36.5272984  26.2707843   2.3804006
  35.1385308  26.9391554   1.4906021  35.0571212  27.1782007   3.5769148
  35.3418641  26.6826916   4.4096765  35.5078802  28.0816925   3.5520398
  34.0547854  27.3021208   3.5850329  36.4072296  21.9472374  -0.0000071
  36.9440598  20.8416816  -0.0000248  37.0987961  23.0891484  -0.0000010
  36.6122261  23.9742185   0.0000125  38.5476884  23.1068517  -0.0000116
  38.9177941  22.5975823   0.8898006  39.1053250  22.4022510  -1.2321657
  40.1946331  22.4307779  -1.2058154  38.6353024  20.9515432  -1.2444178
  37.5460275  20.9222068  -1.2712371  39.0336165  20.4474442  -2.1249456
  38.9898334  20.4466043  -0.3458384  38.6398686  23.0641185  -2.4112248
  38.9909048  22.6205669  -3.1868767  39.0782158  24.5333945   0.0000042
  38.3031163  25.4871560   0.0000231  40.4054073  24.6775741  -0.0000022
  41.0019198  23.8625451  -0.0000168  41.0337803  25.9832347   0.0000097
  40.7286387  26.5338919  -0.8898018  40.6064405  26.7529948   1.2451896
  39.5229036  26.8715186   1.2456706  41.0337957  25.9831393   2.4903058
  42.1173327  25.8646146   2.4907638  40.7285782  26.5329212   3.3806332
  40.5613667  25.0008411   2.4907390  41.2677693  28.1271382   1.2452015
  42.3513944  28.0094206   1.2451875  40.9626287  28.6777944   0.3553889
  40.8404315  28.8968984   2.4903833  41.1456612  28.3470483   3.3806639
  41.3128605  29.8791966   2.4908851  39.7568946  29.0154201   2.4908663
  42.5508779  25.8611727  -0.0000067  43.0877080  24.7556169  -0.0000271
  43.2424443  27.0030837   0.0000007  42.7558744  27.8881538   0.0000165
  44.6913366  27.0207870  -0.0000116  45.0614434  26.5115159   0.8897992
  45.2489718  26.3161886  -1.2321676  46.3382799  26.3447154  -1.2058186
  44.7789491  24.8654808  -1.2444219  43.6896742  24.8361445  -1.2712400
  45.1772622  24.3613835  -2.1249512  45.1334812  24.3605402  -0.3458439
  44.7835139  26.9780583  -2.4112249  45.1345492  26.5345082  -3.1868781
  45.2218641  28.4473298   0.0000062  44.4467645  29.4010913   0.0000279
  46.5490556  28.5915094  -0.0000014  47.1455681  27.7764804  -0.0000183
  47.1774286  29.8971700   0.0000122  46.8722859  30.4478289  -0.8897979
  46.7745128  30.7003339   1.2321693  45.6928246  30.8343652   1.2414160
  47.0815904  30.1659907   2.1312136  47.4551174  32.0645155   1.1946157
  48.5369107  31.9312984   1.1858160  47.0251781  32.8126283  -0.0628048
  45.9434801  32.9466405  -0.0544941  47.5113840  33.7877987  -0.0901419
  47.3129317  32.2389219  -0.9438038  47.0522037  32.8676794   2.4267737
  47.3592832  32.3333362   3.3258171  47.5384184  33.8428728   2.4004246
  45.9705155  33.0017097   2.4360224  48.6945261  29.7751080  -0.0000063
  49.2313563  28.6695522  -0.0000294  49.3860926  30.9170190   0.0000025
  48.8995226  31.8020891   0.0000205  50.8349848  30.9347223  -0.0000115
  51.2050927  30.4254496   0.8897978  51.3926185  30.2301262  -1.2321696
  51.0569509  29.1931397  -1.2414174  51.0381155  30.7342572  -2.1312133
  52.9016330  30.2700386  -1.1949853  53.2380830  31.3067761  -1.1861856
  53.2569189  29.7656573  -0.2963916  53.4599985  29.5645210  -2.4287603
  53.6587390  30.2688799  -3.4544220  53.6824590  28.3279560  -2.3337948
  51.3655123  32.3612652   0.0000083  50.5904128  33.3150266   0.0000328
  52.6927038  32.5054447  -0.0000007  53.2892163  31.6904157  -0.0000198
  53.3210768  33.8111053   0.0000146  53.0159331  34.3617658  -0.8897940
  52.9181625  34.6142668   1.2321737  51.8364744  34.7482982   1.2414220
  53.3480941  33.8660895   2.4895573  54.4297931  33.7320773   2.4812471
  53.0603321  34.4397482   3.3705847  52.8618903  32.8909161   2.5168392
  53.5987671  35.9784485   1.1946219  53.2917925  36.5136097   0.2960279
  53.3111079  36.5529465   2.0751353  54.6805603  35.8452315   1.1858207
  54.8381743  33.6890433  -0.0000058  55.3750045  32.5834875  -0.0000317
  55.5297408  34.8309543   0.0000042  55.0431709  35.7160244   0.0000245
  56.9786331  34.8486576  -0.0000115  57.3487420  34.3393832   0.8897965
  57.5362653  34.1440638  -1.2321716  57.2005977  33.1070774  -1.2414209
  57.1817612  34.6481965  -2.1312139  59.0452798  34.1839761  -1.1949890
  59.3817298  35.2207136  -1.1861877  59.4005668  33.6795932  -0.2963967
  59.6036438  33.4784609  -2.4287660  59.8023831  34.1828217  -3.4544266
  59.8261045  32.2418957  -2.3338031  57.5091605  36.2752005   0.0000104
  56.7340610  37.2289620   0.0000376  58.8363520  36.4193800   0.0000001
  59.7359917  35.2720298  -0.0000305  59.8318232  34.8848336  -1.0144248
  59.3335314  34.4940780   0.6487496  61.0206381  35.8440414   0.5219710
  61.8545428  35.3937861  -0.0165196  61.1183570  35.6303844   1.5863502
  60.9442170  37.3318614   0.2756959  61.5621872  37.5853616  -0.5856690
  61.3126618  37.8606211   1.1547643  59.4655921  37.7268422   0.0000171
  59.1919030  38.3003911   0.8855871  59.0919081  38.5132419  -1.2483499
  58.2981406  38.0489563  -2.0637100  59.6672847  39.7087720  -1.3962507
  60.3138924  40.0478267  -0.6983684  59.3940171  40.5536719  -2.5412708
  59.6782817  40.0315090  -3.4548564  57.9125395  40.9062059  -2.6223164
  57.3256709  39.9924453  -2.7157297  57.6150167  41.4376730  -1.7183679
  57.6823587  41.7387613  -3.7619521  56.7497566  41.9606853  -3.8129701
  60.1782370  41.8556160  -2.4611159  60.9242343  42.0768952  -1.5098200
  60.0076073  42.7189893  -3.4649570  59.3830415  42.4920639  -4.2255632
  60.6973535  43.9926629  -3.5050592  60.4261150  44.5810823  -2.6285368
  62.2098510  43.7979235  -3.5122851  62.5125498  43.2661425  -2.6102421
  62.4978642  43.2180884  -4.3891771  62.8982347  45.1602936  -3.5547701
  63.1671245  45.7044042  -2.4505765  63.1486254  45.6438838  -4.6910115
  60.3236679  44.7790634  -4.7534250  59.5298981  44.3147773  -5.5687827
  60.8990456  45.9745929  -4.9013265  61.5456550  46.3136467  -4.2034453
  60.6257766  46.8194936  -6.0463457  60.9100389  46.2973307  -6.9599321
  59.1442993  47.1720292  -6.1273884  58.9682910  47.8066573  -6.9959323
  58.3238902  45.8931709  -6.2580602  58.4990327  45.2581958  -5.3895953
  57.2648691  46.1445931  -6.3160286  58.6205459  45.3613529  -7.1620876
  58.7546739  47.8692196  -4.9412113  57.8220714  48.0911438  -4.9922273
  61.4099981  48.1214368  -5.9661919  62.1559975  48.3427148  -5.0148974
  61.2393674  48.9848107  -6.9700323  60.6147999  48.7578862  -7.7306374
  61.9291149  50.2584835  -7.0101353  61.6578787  50.8469029  -6.1336122
  63.4354681  50.0208141  -7.0161539  63.7222357  49.4808622  -6.1137589
  63.8153614  49.1981251  -8.2427298  63.5293044  49.7376765  -9.1455899
  64.8919856  49.0279541  -8.2475172  63.2967102  48.2398881  -8.2130318
  64.1613933  51.3612905  -7.0583578  63.8754642  51.9016576  -7.9607705
  63.8901555  51.9497103  -6.1818353  65.6677476  51.1236214  -7.0643788
  65.9398244  50.5356171  -7.9409203  66.1871070  52.0814603  -7.0945396
  65.9545155  50.5836673  -6.1619856  61.5554278  51.0448849  -8.2585002
  60.7616559  50.5805999  -9.0738565  62.1308064  52.2404138  -8.4064023
  62.7774176  52.5794667  -7.7085222  61.8575362  53.0853153  -9.5514207
  62.1417962  52.5631524 -10.4650078  60.3760590  53.4378525  -9.6324604
  59.7891881  52.5240932  -9.7258721  60.0785409  53.9693195  -8.7285103
  60.1329983  54.3169852 -10.8358504  60.7192213  55.2312108 -10.7429262
  60.4298661  53.7859846 -11.7402879  58.6495790  54.6699871 -10.9169954
  58.2722826  55.7132076 -10.3195510  57.9078606  53.8930527 -11.5756506
  62.6417592  54.3872576  -9.4712678  63.3877607  54.6085344  -8.5199747
  62.4711275  55.2506321 -10.4751076  61.8465583  55.0237085 -11.2357116
  63.1608763  56.5243041 -10.5152115  62.8896424  57.1127235  -9.6386876
  64.6733733  56.3295616 -10.5224434  64.9760745  55.7977792  -9.6204020
  64.9613820  55.7497265 -11.3993369  65.3978718  57.6674008 -10.5645658
  64.7635639  58.7198061 -10.5877547  66.7321476  57.6245661 -10.5744307
  67.2617553  58.4841323 -10.6020223  67.2058845  56.7327885 -10.5542560
  62.7871876  57.3107064 -11.7635753  61.9934137  56.8464226 -12.5789303
  63.3625673  58.5062348 -11.9114781  64.0091801  58.8452867 -11.2135991
  63.0892957  59.3511369 -13.0564956  63.3735534  58.8289741 -13.9700835
  61.6078188  59.7036757 -13.1375324  61.0209468  58.7899171 -13.2309433
  61.1923156  60.4471836 -11.8725513  61.7784739  61.3613554 -11.7786929
  60.1334544  60.6994095 -11.9299585  61.3676149  59.8129672 -11.0035626
  61.3623420  60.5915425 -14.3528752  61.6592079  60.0605418 -15.2573148
  60.3035495  60.8438287 -14.4112678  61.9485669  61.5057670 -14.2599523
  63.8735203  60.6530784 -12.9763438  64.6195238  60.8743541 -12.0250520
  63.7028876  61.5164534 -13.9801829  63.0783167  61.2895309 -14.7407858
  64.3926377  62.7901248 -14.0202876  64.1214061  63.3785441 -13.1437631
  65.9051345  62.5953806 -14.0275225  66.2078368  62.0635975 -13.1254819
  66.1931409  62.0155455 -14.9044168  66.5926214  63.9559634 -14.0699541
  66.2907442  64.4881857 -14.9720131  66.3054431  64.5362377 -13.1930776
  68.1051186  63.7612200 -14.0771910  68.4078218  63.2294354 -13.1751517
  68.3931238  63.1813866 -14.9540864  68.7926048  65.1218038 -14.1196204
  68.4907275  65.6540273 -15.0216785  68.5054279  65.7020748 -13.2427429
  70.2505525  64.9340833 -14.1265983  70.5169120  64.3967803 -14.9392839
  70.7058719  65.8351908 -14.1546979  70.5305361  64.4413074 -13.2906078
  64.0189475  63.5765279 -15.2686504  63.2251715  63.1122453 -16.0840041
  64.5943281  64.7720557 -15.4165539  65.2409427  65.1111067 -14.7186760
  64.3210553  65.6169586 -16.5615706  64.6053107  65.0947958 -17.4751592
  62.8395786  65.9694990 -16.6426044  62.5420650  66.5009660 -15.7386527
  62.6635674  66.6041287 -17.5111465  62.2527054  65.0557411 -16.7360145
  65.1052814  66.9188992 -16.4814198  65.8512870  67.1401737 -15.5301293
  64.9346478  67.7822748 -17.4852583  64.3100751  67.5553532 -18.2458600
  65.6243991  69.0559454 -17.5253638  65.3531698  69.6443647 -16.6488385
  67.1368957  68.8611996 -17.5326016  67.4395991  68.3294159 -16.6305618
  67.4248997  68.2813646 -18.4094967  67.8243840  70.2217817 -17.5750340
  67.5225056  70.7540047 -18.4770922  67.5372080  70.8020560 -16.6981567
  69.3368809  70.0270367 -17.5822739  69.6395852  69.4952514 -16.6802354
  69.6248838  69.4472033 -18.4591701  70.0243685  71.3876198 -17.6247041
  69.7224900  71.9198439 -18.5267615  69.7371940  71.9678907 -16.7478258
  71.4823160  71.1998977 -17.6316849  71.7486734  70.6625947 -18.4443712
  71.9376363  72.1010047 -17.6597851  71.7623006  70.7071212 -16.7956951
  65.2507073  69.8423495 -18.7737256  64.4569293  69.3780679 -19.5890779
  65.8260890  71.0378767 -18.9216297  66.4727052  71.3769267 -18.2237530
  65.5528149  71.8827803 -20.0666455  65.8370679  71.3606175 -20.9802349
  64.0644465  72.2119376 -20.1117914  63.4901594  71.2893339 -20.1960346
  63.6665678  72.9430791 -18.8340007  64.2401442  73.8660824 -18.7492918
  62.6027887  73.1785918 -18.8657555  63.8719815  72.3078945 -17.9723482
  63.7768381  73.1011543 -21.3168643  64.3504585  74.0242158 -21.2330918
  64.0610929  72.5789917 -22.2304534  62.2884693  73.4303142 -21.3620093
  62.0035474  73.9529358 -20.4488905  62.0823474  74.0658969 -22.2231990
  61.7141815  72.5077109 -21.4462498  66.3370425  73.1847200 -19.9864957
  67.0830502  73.4059934 -19.0352066  66.1664079  74.0480961 -20.9903336
  65.5418335  73.8211755 -21.7509342  66.8561605  75.3217660 -21.0304400
  66.5849335  75.9101853 -20.1539139  68.3686569  75.1270186 -21.0376808
  68.6713615  74.5952342 -20.1356417  68.6566586  74.5471836 -21.9145766
  69.0561466  76.4876000 -21.0801140  68.7542670  77.0198237 -21.9821714
  68.7689728  77.0678742 -20.2032359  70.5705782  76.3362383 -21.0885443
  71.0861304  75.2209013 -21.0626811  71.2838510  77.4641317 -21.1249039
  72.2928585  77.4199241 -21.1320521  70.8112095  78.3564901 -21.1450993
  66.4824672  76.1081710 -22.2788007  65.6886871  75.6438906 -23.0941517
  67.0578498  77.3036976 -22.4267055  67.7044678  77.6427467 -21.7288299
  66.7845744  78.1486019 -23.5717205  67.0688252  77.6264393 -24.4853106
  65.3030982  78.5011456 -23.6527483  64.7162226  77.5873890 -23.7461569
  65.0055892  79.0326126 -22.7487952  65.0572961  79.3901791 -24.8696830
  64.7823665  78.8154244 -25.9567305  65.1468056  80.6355739 -24.7006277
  67.5688036  79.4505408 -23.4915717  68.3148133  79.6718130 -22.5402839
  67.3981680  80.3139175 -24.4954089  66.7735920  80.0869978 -25.2560084
  68.0879219  81.5875867 -24.5355161  67.8166972  82.1760059 -23.6589893
  69.6004181  81.3928376 -24.5427599  69.9031238  80.8610526 -23.6407216
  69.8884175  80.8130026 -25.4196565  70.2879091  82.7534183 -24.5851939
  69.9860284  83.2856426 -25.4872505  70.0007377  83.3336925 -23.7083151
  71.8004056  82.5586701 -24.5924397  72.1031122  82.0268834 -23.6904028
  72.0884039  81.9788366 -25.4693374  72.4878959  83.9192517 -24.6348716
  72.1860151  84.4514771 -25.5369273  72.2007260  84.4995226 -23.7579917
  73.9458430  83.7315265 -24.6418581  74.2121961  83.1942235 -25.4545458
  74.4011651  84.6326325 -24.6699593  74.2258298  83.2387487 -23.8058697
  67.7142270  82.3739925 -25.7838759  66.9204449  81.9097132 -26.5992255
  68.2896107  83.5695186 -25.9317812  68.9362303  83.9085667 -25.2339068
  68.0163340  84.4144236 -27.0767955  68.3005824  83.8922610 -27.9903863
  66.5348580  84.7669689 -27.1578203  65.9479813  83.8532129 -27.2512281
  66.2373513  85.2984358 -26.2538664  66.2917904  85.6461052 -28.3612063
  66.8780192  86.5603275 -28.2682860  66.5886467  85.1151048 -29.2656476
  64.8083722  85.9991153 -28.4423364  64.4310871  87.0423366 -27.8448864
  64.0666433  85.2221860 -29.1009860  68.8005648  85.7163616 -26.9966477
  69.5465765  85.9376326 -26.0453612  68.6299281  86.5797388 -28.0004842
  68.0053504  86.3528201 -28.7610826  69.3196833  87.8534073 -28.0405923
  69.0484610  88.4418265 -27.1640647  70.3964432  87.6840889 -28.0449225
  68.9347653  88.6259429 -29.2941911  68.1396064  88.1493549 -30.1010538
  69.5021081  89.8234900 -29.4561427  70.1502612  90.1728802 -28.7648227
  69.2177848  90.6560841 -30.6074679  69.5004652  90.1271966 -31.5176706
  67.7272327  90.9758431 -30.6478591  67.1581258  90.0490577 -30.7205685
  67.3315487  91.7163882 -29.3748109  67.8999447  92.6435732 -29.3016359
  66.2662098  91.9451884 -29.4031698  67.5452733  91.0904654 -28.5084152
  67.4279956  91.8521046 -31.8595722  67.9964305  92.7793394 -31.7873342
  67.7106778  91.3232174 -32.7697747  65.9374430  92.1718662 -31.8999625
  65.6540886  92.7012042 -30.9902310  65.7230102  92.7981872 -32.7658955
  65.3683355  91.2450813 -31.9726692  69.9945025  91.9634081 -30.5434549
  70.7440711  92.1979760 -29.5981692  69.8134346  92.8164000 -31.5543179
  68.9184064  92.5156635 -32.6652842  67.8903525  92.7284732 -32.3721672
  69.0093225  91.4624472 -32.9309320  69.4067780  93.4243369 -33.7542309
  68.5496650  93.8077611 -34.3078032  70.0605625  92.8756325 -34.4321620
  70.1586429  94.5362458 -33.0625245  69.5374852  95.4317270 -33.0431482
  71.0773771  94.7437751 -33.6111215  70.4961696  94.0955352 -31.6098751
  71.5784796  93.9684593 -31.6334326  70.1145138  94.9706975 -30.4245843
  69.3707095  94.5408197 -29.5457211  70.6267580  96.2033081 -30.4021793
  71.5073572  96.6909880 -31.4569196  70.9099045  97.0126835 -32.3099510
  72.1812775  95.8922057 -31.7665601  72.2320584  97.8279962 -30.7996375
  72.3584020  98.6338622 -31.5226287  73.2102837  97.4953743 -30.4524497
  71.3662415  98.2584764 -29.6398324  70.8415499  99.1763908 -29.9048436
  71.9964895  98.4392911 -28.7690896  70.3388062  97.1338845 -29.3267669
  70.6772977  96.7481273 -28.3651468  68.8498941  97.4409526 -29.2537302
  68.0586139  96.8744577 -30.0043295  68.4692464  98.3419964 -28.3451861
  69.1573261  98.7811114 -27.7503553  67.0806943  98.7205966 -28.1772952
  66.7025367  99.1397056 -29.1097349  66.2246227  97.5156217 -27.8020604
  66.2881426  96.7647570 -28.5896305  66.5854145  97.0904673 -26.8654852
  64.7719908  97.9556065 -27.6347192  64.0368988  97.9164521 -28.6573181
  64.4112929  98.3266625 -26.4858875  66.9257141  99.7617037 -27.0779494
  67.9082824 100.1713221 -26.4637731  65.6856448 100.1898277 -26.8306380
  64.9092999  99.8230991 -27.3625196  65.4065086 101.1789180 -25.8091756
  65.7325115 100.8025833 -24.8395399  66.1383667 102.4857613 -26.0958266
  67.2127409 102.3034269 -26.1197747  65.8156482 102.8796898 -27.0595553
  65.8191726 103.4978886 -25.0006837  64.7449526 103.6810931 -24.9764305
  66.1420470 103.1048327 -24.0366498  66.5323375 104.8189947 -25.2508022
  67.2536520 104.9617891 -26.2355635  66.3287977 105.7872183 -24.3545110
  66.7784728 106.6837631 -24.4732592  65.7260638 105.6187574 -23.5617725
  63.9175964 101.4859847 -25.7361376  63.1263174 100.9194868 -26.4867360
  63.5369488 102.3870294 -24.8275944  64.2250288 102.8261461 -24.2327651
  62.1483965 102.7656284 -24.6597024  61.7702373 103.1847356 -25.5921422
  61.2923266 101.5606531 -24.2844646  61.3558464 100.8097874 -25.0720337
  61.6531201 101.1355005 -23.3478893  59.8415970 102.0000594 -24.1173415
  59.7772107 102.7506394 -23.3295694  59.4799350 102.4249240 -25.0537136
  58.9524651 100.8232664 -23.7417255  59.4291283  99.6979979 -23.6113311
  57.6551772 101.0858878 -23.5676633  57.0212895 100.3404182 -23.3175378
  57.3135331 102.0288429 -23.6868957  61.9934166 103.8067370 -23.5603580
  62.9759852 104.2163573 -22.9461834  60.7533471 104.2348600 -23.3130457
  59.9770019 103.8681297 -23.8449258  60.4742110 105.2239516 -22.2915844
  60.8002155 104.8476186 -21.3219485  61.2060674 106.5307952 -22.5782382
  62.2804418 106.3484619 -22.6021874  60.8833473 106.9247220 -23.5419672
  60.8868736 107.5429238 -21.4830965  59.8126534 107.7261272 -21.4588422
  61.2097496 107.1498697 -20.5190624  61.6187282 108.8497686 -21.7697506
  62.6931025 108.6674361 -21.7937019  61.2960061 109.2436951 -22.7334787
  61.3321025 109.8583253 -20.7252124  60.7165131 109.6041814 -19.9658970
  61.8481239 111.0840418 -20.7407525  62.6662164 111.4921400 -21.7067136
  62.9108615 110.8617525 -22.4569539  63.0390716 112.4305601 -21.6855831
  61.5233262 111.9108515 -19.7509075  60.9018144 111.5977915 -19.0189126
  61.8996776 112.8479902 -19.7357645  58.9852986 105.5310168 -22.2185450
  58.1940193 104.9645168 -22.9691415  58.6046512 106.4320625 -21.3100027
  59.2927314 106.8711807 -20.7151749  57.2160987 106.8106602 -21.1421095
  56.8379379 107.2297656 -22.0745495  56.3600306 105.6056846 -20.7668689
  56.4235502 104.8548177 -21.5544369  56.7208257 105.1805337 -19.8302934
  54.9093007 106.0450895 -20.5997446  54.8449145 106.7956706 -19.8119735
  54.4040159 106.6393729 -21.9101421  54.4676657 105.8891827 -22.6983439
  53.3670925 106.9536194 -21.7912312  55.0156225 107.5006876 -22.1787957
  54.0532321 104.8401146 -20.2245020  54.4140269 104.4149659 -19.2879258
  53.0161686 105.1536456 -20.1049239  54.1167524 104.0892463 -21.0120685
  57.0611190 107.8517703 -20.0427665  58.0436880 108.2613926 -19.4285938
  55.8210494 108.2798923 -19.7954533  55.0447039 107.9131604 -20.3273319
  55.5419135 109.2689852 -18.7739932  55.8679196 108.8926540 -17.8043571
  56.2904616 110.5579056 -19.0964570  57.3617252 110.3588579 -19.1260312
  55.8340943 111.0850336 -20.4527348  54.7629406 111.2847654 -20.4237943
  56.3688428 112.0063336 -20.6837132  56.0438432 110.3413049 -21.2214820
  55.9966875 111.5988759 -18.0214205  54.9255946 111.7987988 -17.9915625
  56.3226923 111.2225436 -17.0517843  56.7452339 112.8877982 -18.3438854
  56.4193990 113.2650068 -19.3132383  56.5355947 113.6322088 -17.5757684
  57.8164972 112.6887507 -18.3734624  54.0530009 109.5760489 -18.7009524
  53.2617212 109.0095469 -19.4515471  53.6723536 110.4770955 -17.7924110
  54.3604341 110.9162154 -17.1975847  52.2838009 110.8556920 -17.6245166
  51.9056385 111.2747955 -18.5569568  51.4277346 109.6507160 -17.2492732
  51.4912540 108.8998480 -18.0368401  51.7885312 109.2255670 -16.3126974
  49.9602575 109.9469993 -17.0522229  49.0784510 108.9163764 -16.7054776
  49.4512035 107.9000882 -16.5777524  47.7178760 109.1910758 -16.5227833
  47.0313259 108.3886627 -16.2528153  47.2391063 110.4963981 -16.6868333
  46.1798021 110.7102717 -16.5445923  48.1209107 111.5270238 -17.0335790
  47.7481548 112.5433111 -17.1613028  49.4814866 111.2523280 -17.2162736
  50.1680341 112.0547438 -17.4862392  52.1288214 111.8968036 -16.5251750
  53.1113907 112.3064279 -15.9110041  50.8887516 112.3249247 -16.2778609
  50.1124059 111.9581911 -16.8097380  50.6096160 113.3140187 -15.2564020
  50.9356237 112.9376894 -14.2867658  51.3414689 114.6208631 -15.5430615
  51.0187455 115.0147862 -16.5067909  51.1136561 115.3446724 -14.7605645
  52.4158436 114.4385320 -15.5670128  49.1207031 113.6210809 -15.1833598
  48.3294232 113.0545770 -15.9339527  48.7400560 114.5221285 -14.2748193
  49.4281368 114.9612501 -13.6799945  47.3515031 114.9007238 -14.1069238
  46.9733391 115.3198255 -15.0393641  46.7645343 114.0219953 -13.8397099
  47.2149047 115.9414595 -13.0047925  48.2062462 116.3420834 -12.3988358
  45.9806568 116.3794061 -12.7458336  45.1966095 116.0198545 -13.2712781
  45.7187891 117.3692622 -11.7205471  46.0503062 116.9888395 -10.7543825
  46.4588052 118.6704600 -12.0118975  47.5313849 118.4793302 -12.0456823
  46.1307698 119.0684402 -12.9721602  46.1577288 119.6835739 -10.9125442
  45.0853131 119.8755721 -10.8784545  46.4859299 119.2864645  -9.9519765
  46.8977431 120.9847728 -11.2038949  47.9703227 120.7936438 -11.2376818
  46.5697057 121.3827528 -12.1641567  46.5966677 121.9978856 -10.1045396
  45.5242522 122.1898837 -10.0704485  46.9248716 121.6007762  -9.1439744
  47.3099914 123.2521562 -10.3853841  47.0056993 123.6205167 -11.2752249
  47.1105921 123.9231358  -9.6572864  48.3037617 123.0745450 -10.4165922
  44.2331668 117.6884577 -11.6338030  43.4305923 117.1295868 -12.3780999
  43.8680639 118.5912716 -10.7206480  44.5650099 119.0238424 -10.1313704
  42.4842285 118.9810325 -10.5398496  42.1012426 119.4046006 -11.4682951
  41.6216382 117.7825911 -10.1586663  41.6719514 117.0323822 -10.9478142
  41.9872466 117.3531144  -9.2259389  40.1761240 118.2336697  -9.9779974
  40.1249437 118.9835996  -9.1886392  39.8096465 118.6628651 -10.9105142
  39.2807096 117.0636810  -9.5961018  39.7492297 115.9343403  -9.4715299
  37.9872314 117.3367086  -9.4101088  37.3494776 116.5961126  -9.1553756
  37.6523181 118.2826154  -9.5249773  42.3476303 120.0217698  -9.4377195
  43.3389726 120.4223949  -8.8317654  41.1133821 120.4597155  -9.1787597
  40.3293346 120.1001622  -9.7042026  40.8515147 121.4495729  -8.1534744
  41.1830334 121.0691519  -7.1873095  41.5915290 122.7507710  -8.4448276
  42.6641088 122.5596423  -8.4786134  41.2634920 123.1487494  -9.4050905
  41.2904529 123.7638862  -7.3454754  40.2180370 123.9558833  -7.3113846
  41.7498883 123.2076343  -6.0019242  42.8223627 123.0158083  -6.0350941
  41.5349132 123.9314068  -5.2157691  41.2212395 122.2775377  -5.7932351
  42.0304653 125.0650855  -7.6368289  41.7024263 125.4630637  -8.5970910
  41.8156038 125.7895954  -6.8513220  43.1030452 124.8739576  -7.6706169
  39.3658921 121.7687668  -8.0667288  38.5633174 121.2098940  -8.8110239
  39.0007894 122.6715817  -7.1535748  39.6977356 123.1041541  -6.5642986
  37.6169538 123.0613413  -6.9727751  37.2339663 123.4849077  -7.9012208
  36.7543653 121.8628995  -6.5915890  36.8046783 121.1126895  -7.3807359
  37.1199753 121.4334247  -5.6588615  35.3230687 122.3095403  -6.4126966
  35.2718884 123.0594706  -5.6233387  34.9565904 122.7387333  -7.3452126
  34.4593491 121.1095279  -6.0310080  34.3321228 120.8588872  -4.8027596
  33.9350307 120.4549407  -6.9713303  37.4803558 124.1020802  -5.8706464
  38.4716984 124.5027072  -5.2646942  36.2461075 124.5400248  -5.6116857
  35.4620597 124.1804700  -6.1371272  35.9842403 125.5298835  -4.5864016
  36.3157606 125.1494643  -3.6202366  36.7242528 126.8310820  -4.8777576
  37.7968328 126.6399544  -4.9115446  36.3962141 127.2290586  -5.8380208
  36.4227814 127.8455268  -3.7769643  37.1910623 127.8571841  -2.7783602
  35.4270866 128.5991133  -3.9451870  34.4986174 125.8490759  -4.4996547
  33.6960424 125.2902011  -5.2439479  34.1335149 126.7518917  -3.5865015
  34.8304614 127.1844659  -2.9972269  32.7496791 127.1416502  -3.4057007
  32.3666900 127.5652147  -4.3341465  32.1578939 126.2673892  -3.1344858
  32.6314826 128.1818579  -2.3009470  33.6314495 128.5734247  -1.7032993
  31.4032404 128.6295627  -2.0303801  30.6116081 128.2772435  -2.5493106
  31.1586802 129.6200358  -1.0014216  31.4956448 129.2354831  -0.0387829
  31.9067670 130.9155276  -1.2975489  32.9773921 130.7156308  -1.3411652
  31.5734810 131.3175999  -2.2542926  31.6238523 131.9294716  -0.1941445
  30.5534011 132.1302350  -0.1502235  31.9573139 131.5282684   0.7629038
  32.3719373 133.2249646  -0.4902721  33.4425624 133.0250686  -0.5338905
  32.0386494 133.6270367  -1.4470148  32.1206215 134.2349539   0.5619461
  31.5145401 133.9886834   1.3314365  32.6564255 135.4520634   0.5405208
  33.4638102 135.8495587  -0.4387789  33.6846327 135.2174918  -1.1949725
  33.8524056 136.7816551  -0.4217629  32.3629783 136.2811228   1.5382433
  31.7495184 135.9761239   2.2803637  32.7549413 137.2118986   1.5492068
  29.6765697 129.9513139  -0.9009858  28.8628200 129.4001556  -1.6388720
  29.3270660 130.8557613   0.0166455  30.0327736 131.2817202   0.6002850
  27.9481541 131.2566272   0.2103222  27.5604160 131.6846919  -0.7140797
  27.0791489 130.0647648   0.5975151  26.0496901 130.3949403   0.7364361
  27.1315451 129.0167039  -0.5090324  28.1606967 128.6856861  -0.6482224
  26.5105547 128.1645582  -0.2327759  26.7608892 129.4496973  -1.4381349
  27.5655661 129.4961188   1.8160957  27.0185208 128.7458310   2.0598375
  27.8299578 132.2968366   1.3150747  28.8299255 132.6884046   1.9127197
  26.6017155 132.7445405   1.5856425  25.8100829 132.3922197   1.0667136
  26.3571555 133.7350148   2.6145999  26.6941218 133.3504639   3.5772387
  27.1052405 135.0305071   2.3184697  28.1758657 134.8306114   2.2748524
  26.7719529 135.4325775   1.3617259  26.8223261 136.0444523   3.4218730
  25.7518747 136.2452146   3.4657950  27.2891127 135.4824712   4.7604972
  28.3596323 135.2818783   4.7174956  27.0871193 136.2068347   5.5495454
  26.7546987 134.5564500   4.9725980  27.5704093 137.3399458   3.1257425
  27.2371197 137.7420160   2.1689996  27.3685298 138.0650466   3.9141426
  28.6410345 137.1400509   3.0821231  24.8750448 134.0662914   2.7150371
  24.0612947 133.5151311   1.9771527  24.5255412 134.9707398   3.6326674
  25.2312491 135.3967003   4.2163055  23.1466291 135.3716045   3.8263453
  22.7588893 135.7996674   2.9019432  22.2776257 134.1797417   4.2135411
  22.3147247 133.4303006   3.4229331  22.6479788 133.7459072   5.1423717
  20.9272530 134.6136067   4.3956283  20.3802087 133.8633194   4.6393726
  23.0284331 136.4118154   4.9310965  24.0284010 136.8033853   5.5287396
  21.8001906 136.8595183   5.2016651  21.0085577 136.5071958   4.6827377
  21.5556308 137.8499938   6.2306213  21.8925987 137.4654448   7.1932603
  22.3037140 139.1454865   5.9344883  23.3743394 138.9455919   5.8908699
  21.9704247 139.5475552   4.9777443  22.0204281 140.1607624   7.0393381
  22.7976437 140.1646357   8.0310652  21.0295169 140.9227599   6.8810525
  20.0735198 138.1812690   6.3310600  19.2597695 137.6301067   5.5931774
  19.7240164 139.0857183   7.2486894  20.4297246 139.5116804   7.8323259
  18.3451041 139.4865818   7.4423684  17.9573627 139.9146429   6.5179662
  17.4761025 138.2947186   7.8295671  17.5132014 137.5452763   7.0389601
  17.8464573 137.8608858   8.7583978  16.0501844 138.7528543   8.0218415
  15.0611317 137.8301373   8.3829077  15.3203880 136.7810280   8.5252289
  13.7390889 138.2548997   8.5611738  12.9690408 137.5364981   8.8422909
  13.4060954 139.6023782   8.3783751  12.1218249 140.0150039   8.5515494
  11.5285251 139.3014932   8.7975118  14.3951457 140.5250979   8.0173098
  14.1358876 141.5742072   7.8749883  15.7171898 140.1003405   7.8390420
  16.4872362 140.8187441   7.5579282  18.2269083 140.5267941   8.5471182
  19.2268766 140.9183661   9.1447595  16.9986657 140.9744961   8.8176877
  16.2070326 140.6221720   8.2987618  16.7541061 141.9649729   9.8466428
  17.0910757 141.5804256  10.8092819  17.5021875 143.2604659   9.5505070
  18.5728131 143.0605725   9.5068875  17.1688965 143.6625328   8.5937628
  17.2453087 144.3008423  10.6313013  16.5142774 144.0423093  11.5848185
  17.8498024 145.4815158  10.4802337  17.7129209 146.2072984  11.1691480
  18.4412505 145.6435719   9.6777203  15.2719949 142.2962465   9.9470828
  14.4582442 141.7450822   9.2092021  14.9224916 143.2006968  10.8647114
  15.6282000 143.6266606  11.4483464  13.5435791 143.6015590  11.0583915
  13.1558361 144.0296184  10.1339892  12.7096400 142.3842332  11.4434713
  12.7632642 141.6402597  10.6486580  13.2514844 141.7854860  12.7371215
  13.1977510 142.5287748  13.5325681  12.6557484 140.9153199  13.0128211
  14.2887907 141.4837985  12.5919345  11.2584031 142.8061194  11.6473078
  11.2039198 143.5497948  12.4423419  10.8706610 143.2341803  10.7229056
  10.4244634 141.5887937  12.0323902  10.8113461 141.1604347  12.9570146
   9.3870473 141.8897994  12.1782075  10.4780894 140.8448188  11.2375786
  13.4253836 144.6417729  12.1631399  14.4253522 145.0333468  12.7607794
  12.1971408 145.0894739  12.4337103  11.4055074 144.7371481  11.9147860
  11.9525814 146.0799519  13.4626643  12.2895526 145.6954064  14.4253036
  12.7006609 147.3754454  13.1665256  13.7712867 147.1755530  13.1229051
  12.3673684 147.7775105  12.2097812  12.4177474 148.3893945  14.2699255
  11.3472955 148.5901534  14.3138506  12.7512156 147.9881984  15.2269745
  13.1480248 149.6993465  14.0106856  13.8539436 149.8332190  13.0135915
  12.9764665 150.6680935  14.9130826  13.4386729 151.5574797  14.7887484
  12.3852507 150.5071850  15.7159983  10.4704699 146.4112241  13.5631057
   9.6567189 145.8600578  12.8252268  10.1209668 147.3156753  14.4807333
  10.8266755 147.7416407  15.0643668   8.7420541 147.7165363  14.6744147
   8.3543095 148.1445938  13.7500122   7.8730562 146.5246723  15.0616190
   7.9101547 145.7752278  14.2710142   8.2434142 146.0908431  15.9904500
   6.4329731 146.9873561  15.2558061   6.3950071 147.7365284  16.0466287
   6.0617455 147.4209110  14.3271930   5.5639747 145.7954929  15.6430125
   5.6010739 145.0460470  14.8524092   5.9343325 145.3616658  16.5718443
   4.1238910 146.2581774  15.8371974   4.0859241 147.0073505  16.6280190
   3.7526647 146.6917288  14.9085837   3.2862346 145.1092996  16.2104407
   3.6297929 144.7076790  17.0711197   2.3324740 145.4157323  16.3390474
   3.3209374 144.4151667  15.4775872   8.6238589 148.7567516  15.7791617
   9.6238277 149.1483276  16.3767993   7.3956159 149.2044517  16.0497330
   6.6039822 148.8521243  15.5308101   7.1510567 150.1949309  17.0786858
   7.4880295 149.8103872  18.0413252   7.8991344 151.4904248  16.7825442
   8.9697604 151.2905335  16.7389227   7.5658402 151.8924881  15.8257997
   7.6190040 152.4944018  17.8750905   6.5485521 152.6951604  17.9190160
   7.9524737 152.0932076  18.8321382   8.3680604 153.7915956  17.5785597
   7.7665178 154.6599208  16.8917125   9.5346527 153.9018059  18.0417187
   5.6689450 150.5262016  17.1791285   4.8551937 149.9750333  16.4412515
   5.3194421 151.4306538  18.0967553   6.0251510 151.8566209  18.6803873
   3.9405292 151.8315136  18.2904378   3.5527828 152.2595693  17.3660351
   3.0715330 150.6396492  18.6776449   3.1086314 149.8902036  17.8870412
   3.4418927 150.2058217  19.6064762   1.7211593 151.0735093  18.8597364
   1.1741195 150.3232210  19.1034878   3.8223341 152.8717304  19.3951834
   4.8223033 153.2633083  19.9928192   2.5940910 153.3194295  19.6657556
   1.8024571 152.9671005  19.1468342   2.3495320 154.3099100  20.6947072
   2.6865065 153.9253680  21.6573468   3.0976079 155.6054042  20.3985628
   2.8957282 156.3305101  21.1869576   4.5953647 155.3249706  20.3376850
   4.7980880 154.6002474  19.5491553   5.1305504 156.2506478  20.1260314
   4.9295062 154.9232882  21.2942942   2.6598780 156.1323016  19.1433058
   3.1307979 156.9478259  18.9568794   0.8674201 154.6411792  20.7951514
   0.0536684 154.0900089  20.0572761   0.5179173 155.5456323  21.7127773
   1.2236265 155.9716010  22.2964077  -0.8609958 155.9464908  21.9064609
  -1.2487438 156.3745448  20.9820581  -1.7299902 154.7546260  22.2936709
  -1.6928920 154.0051793  21.5030682  -1.3596288 154.3208004  23.2225023
  -3.1700738 155.2173072  22.4878603  -3.2080395 155.9664818  23.2786807
  -3.6887523 155.8237359  21.1883050  -3.6515241 155.0749656  20.3970682
  -4.7180730 156.1546209  21.3265616  -3.0679136 156.6756854  20.9111013
  -4.0390686 154.0254432  22.8750723  -3.6687075 153.5916196  23.8039045
  -5.0685292 154.3556131  23.0139966  -4.0019697 153.2759951  22.0844712
  -0.9791906 156.9867091  23.0112051   0.0207789 157.3782890  23.6088391
  -2.2074339 157.4344073  23.2817782  -2.9990681 157.0820766  22.7628584
  -2.4519927 158.4248890  24.3107287  -2.1150166 158.0403489  25.2733684
  -1.7039186 159.7203836  24.0145815  -0.6332923 159.5204946  23.9709578
  -2.0372161 160.1224434  23.0578366  -1.8974913 160.8165990  25.0348476
  -1.2834341 162.0571969  24.9085578  -1.6395527 162.7957936  25.9429928
  -1.2653655 163.8149893  26.0395496  -2.4385393 162.0972385  26.7109386
  -2.8541886 162.4298405  27.5692576  -2.6259796 160.8582564  26.1823655
  -3.2664307 160.1390822  26.6929652  -3.9341049 158.7561567  24.4111742
  -4.7478569 158.2049845  23.6733008  -4.2836075 159.6606108  25.3287992
  -3.5778981 160.0865812  25.9124282  -5.6625208 160.0614681  25.5224840
  -6.0502704 160.4895203  24.5980811  -6.5315134 158.8696029  25.9096968
  -6.4944153 158.1201551  25.1190952  -6.1611504 158.4357790  26.8385284
  -7.9715973 159.3322828  26.1038874  -8.0095628 160.0814585  26.8947068
  -8.4902781 159.9387090  24.8043319  -8.4530500 159.1899375  24.0130961
  -9.5195989 160.2695931  24.9425892  -7.8694407 160.7906587  24.5271261
  -8.8405903 158.1404184  26.4911023  -8.4702275 157.7065966  27.4199346
  -9.8700510 158.4705874  26.6300273  -8.8034915 157.3909691  25.7005022
  -5.7807154 161.1016879  26.6272269  -4.7807455 161.4932698  27.2248590
  -7.0089588 161.5493851  26.8978008  -7.8005933 161.1970528  26.3788825
  -7.2535174 162.5398680  27.9267502  -6.9165397 162.1553297  28.8893900
  -6.5054451 163.8353631  27.6306001  -5.4348187 163.6354752  27.5869754
  -6.9722600 164.3972597  26.2919515  -8.0427815 164.5978465  26.3349592
  -6.4378555 165.3232710  26.0797835  -6.7702770 163.6728490  25.5029435
  -6.7883576 164.8493175  28.7339955  -6.4548828 164.4481284  29.6910451
  -6.2538829 165.7755097  28.5227978  -7.8588102 165.0500719  28.7779248
  -8.7356298 162.8711342  28.0271971  -9.5493821 162.3199600  27.2893255
  -9.0851323 163.7755893  28.9448212  -8.3794226 164.2015613  29.5284486
 -10.4640458 164.1764453  29.1385071 -10.8517970 164.6044957  28.2141040
 -11.3330365 162.9845798  29.5257228 -11.2959387 162.2351308  28.7351222
 -10.9626719 162.5507577  30.4545546 -12.7731207 163.4472584  29.7199145
 -12.8110861 164.1964352  30.5107328 -13.2918038 164.0536821  28.4203587
 -13.2545759 163.3049095  27.6291240 -14.3211249 164.3845652  28.5586169
 -12.6709677 164.9056321  28.1431509 -13.6421119 162.2553935  30.1071322
 -13.2717475 161.8215735  31.0359647 -14.6715729 162.5855616  30.2460581
 -13.6050133 161.5059432  29.3165332 -10.5822401 165.2166667  30.2432486
  -9.5822700 165.6082505  30.8408789 -11.8104837 165.6643629  30.5138235
 -12.6021184 165.3120289  29.9949067 -12.0550421 166.6548471  31.5427717
 -11.7180627 166.2703105  32.5054116 -11.3069716 167.9503425  31.2466187
 -10.2363450 167.7504557  31.2029929 -11.6402724 168.3523987  30.2898735
 -11.5898838 168.9642982  32.3500130 -12.6603366 169.1650515  32.3939434
 -11.2564074 168.5631109  33.3070628 -10.8418151 170.2597948  32.0538597
  -9.7711885 170.0599089  32.0102319 -11.1751179 170.6618509  31.0971155
 -11.0931291 171.2697955  33.1060674 -11.6991993 171.0235291  33.8755680
 -10.5573374 172.4869100  33.0846200  -9.7499678 172.8844004  32.1053059
  -9.5291476 172.2523257  31.3491181  -9.3613815 173.8165009  32.1223052
 -10.8507816 173.3159797  34.0823349 -11.4642300 173.0109844  34.8244662
 -10.4588278 174.2467595  34.0932816 -13.5371548 166.9861118  31.6432199
 -14.3509074 166.4349356  30.9053502 -13.8866571 167.8905678  32.5608432
 -13.1809471 168.3165414  33.1444691 -15.2655708 168.2914226  32.7545302
 -15.6533237 168.7194712  31.8301270 -16.1345597 167.0995566  33.1417488
 -16.0974620 166.3501066  32.3511492 -15.7641934 166.6657363  34.0705807
 -17.5746442 167.5622339  33.3359416 -17.6126094 168.3114119  34.1267588
 -18.0933296 168.1686552  32.0363856 -18.0561018 167.4198814  31.2451519
 -19.1226508 168.4995373  32.1746446 -17.4724948 169.0206054  31.7591758
 -18.4436335 166.3703687  33.7231621 -18.0732675 165.9365505  34.6519948
 -19.4730947 166.7005358  33.8620888 -18.4065351 165.6209172  32.9325642
 -15.3837649 169.3316454  33.8592703 -14.3837944 169.7232313  34.4568988
 -16.6120086 169.7793407  34.1298461 -17.4036436 169.4270051  33.6109308
 -16.8565668 170.7698261  35.1587931 -16.5195858 170.3852913  36.1214332
 -16.1084981 172.0653219  34.8626374 -15.0378713 171.8654363  34.8190105
 -16.4418006 172.4673764  33.9058920 -16.3914101 173.0792789  35.9660305
 -17.4618630 173.2800311  36.0099619 -16.0579320 172.6780935  36.9230804
 -15.6433431 174.3747759  35.6698744 -14.5727164 174.1748911  35.6262455
 -15.9766476 174.7768302  34.7131299 -15.8946569 175.3847779  36.7220809
 -16.5007259 175.1385119  37.4915826 -15.3588666 176.6018930  36.7006310
 -14.5514987 176.9993828  35.7213153 -14.3306787 176.3673072  34.9651282
 -14.1629134 177.9314838  35.7383127 -15.6523104 177.4309638  37.6983450
 -16.2657576 177.1259690  38.4404776 -15.2603577 178.3617441  37.7092899
 -18.3386797 171.1010893  35.2592428 -19.1524326 170.5499111  34.5213749
 -18.6881819 172.0055463  36.1768651 -17.9824716 172.4315216  36.7604895
 -20.0670958 172.4063999  36.3705533 -20.4548503 172.8344467  35.4461500
 -20.6636139 171.5366380  36.6458346 -20.1668707 173.4459365  37.4777533
 -19.1584252 173.8284037  38.0669881 -21.3889250 173.9033254  37.7598946
 -22.1880263 173.5582781  37.2475678 -21.6161396 174.8942777  38.7923622
 -21.2737801 174.5055699  39.7514219 -21.0650208 175.8033803  38.5517383
 -23.0982524 175.2255393  38.8928132 -23.9120069 174.6743597  38.1549474
 -23.4993348 176.0482446  39.7130150
